-0.073097 -0.365771 -0.299325 -0.346492 -0.500047 0.454018 -0.284105 -0.004596 -0.082403 0.072664 0.439401 -0.502865 -0.478575 -0.178574 -0.468113 0.457709 0.484041 0.776312 -0.412193 0.392997 0.011678 0.425215 0.425028 0.294812 -0.534821 0.299163 
-0.574800 0.307205 -0.277336 0.385333 0.228725 0.346368 -0.747013 0.078594 -0.700646 -0.378324 -0.189960 -0.607543 -0.465099 -0.250070 0.419862 0.281409 0.281205 0.430432 -0.508923 0.740806 0.037631 -0.036183 0.424040 0.093782 0.208865 0.502541 
0.383025 0.575942 0.183237 0.551171 -0.365515 -0.097222 0.453333 -0.132652 0.193086 0.408300 -0.583066 -0.506015 -0.274339 0.386877 0.595075 -0.598761 0.173038 0.619515 0.250638 -0.084254 -0.412503 -0.605166 -0.624023 -0.205225 -0.136274 -0.113646 
0.083553 0.613277 -0.567754 -0.429834 -0.381678 -0.473374 0.424089 0.153371 0.775429 0.149175 -0.302059 -0.488293 0.317389 0.103224 0.516008 -0.391495 0.598054 -0.327984 0.584520 -0.184425 -0.021773 -0.401011 -0.380328 -0.070289 0.262544 -0.134226 
-0.294393 0.259375 -0.415883 0.507965 -0.063993 0.566265 -0.309096 0.194114 0.065468 0.091514 -0.448978 -0.713558 0.456537 -0.439377 0.652783 0.700030 -0.985744 -0.635365 0.250205 0.843925 -0.273965 0.176744 -0.408866 -0.479035 0.579282 0.060024 
0.179653 0.473610 -0.456990 -0.271929 0.218290 -0.293870 -0.465594 -0.071968 0.560806 -0.545251 0.336700 0.273408 -0.335332 0.445025 -0.426881 -0.127800 -0.002849 0.581508 0.572945 -0.615679 -0.304121 -0.370551 0.630949 0.435766 -0.328539 -0.274310 
0.543429 -0.450699 -0.519014 -0.546221 -0.535867 0.679949 -0.210029 0.339235 -0.378545 0.052528 0.520671 -0.668768 0.656787 0.851928 -0.478508 0.396782 -0.668569 0.401538 0.142875 0.145409 -0.064537 0.109287 -0.629456 0.456697 0.602501 -0.661123 
0.218230 0.165953 -0.435400 -0.161404 0.270138 -0.602268 -0.440753 0.400380 -0.097962 -0.661003 0.405620 0.551536 0.364595 0.692894 -0.477969 0.287963 -0.097286 0.481966 0.417222 -0.332093 -0.195012 -0.928407 -0.037886 0.370067 0.292048 -0.481600 
0.237848 0.539199 -0.117465 -0.587518 0.681897 0.596361 -0.033583 0.258559 -1.003716 0.302575 0.408918 -0.450886 -0.111453 0.385546 -0.628403 0.174145 -0.882957 0.023512 0.413349 -0.175434 0.069994 -0.566214 -0.554073 0.262931 0.495071 0.296331 
0.242475 0.052209 -0.090237 -0.092976 0.197973 -0.508191 0.008462 0.546538 0.510797 0.065229 0.197489 0.176167 0.699353 -0.531936 -0.486504 -0.333650 0.416668 0.145800 -0.364339 -0.139648 0.072196 -0.421218 0.067525 -0.493114 -0.447550 0.669062 
-0.582485 0.390266 0.584290 -0.630671 0.315084 0.349477 0.521954 0.248412 -0.597010 -0.761752 0.635100 0.241433 -0.159023 0.139632 0.171320 -0.283731 -0.262350 -0.342968 -0.015779 -0.212360 0.236150 0.127553 0.263952 -0.080907 0.541299 -0.626743 
0.405683 -0.164108 0.456910 0.336824 -0.507817 -0.074754 0.427642 -0.413662 -0.586236 0.362120 -0.015284 -0.800891 -0.395986 0.622357 0.412414 -0.068917 0.187375 0.146631 0.195675 0.371773 0.092189 -0.491147 0.221930 -0.208980 -0.508373 -0.026584 
-0.123932 -0.348880 -0.676344 -0.121052 -0.660000 -0.809318 -0.512066 0.783002 -0.089980 0.785108 0.432991 0.412928 0.236308 0.186317 -0.839461 -0.467382 0.323968 0.016015 -0.191260 -0.857136 0.285801 0.424988 0.652144 0.318870 0.155225 0.713736 
-0.396792 0.209098 -0.228620 -0.390779 0.631834 0.484867 -0.497131 0.229264 0.064768 -0.232963 0.524722 -0.054283 0.037314 -0.488114 -0.390374 0.398469 -0.200874 0.257882 0.062443 -0.113327 -0.340400 -0.172956 0.070979 -0.083143 0.253179 0.300819 
-0.058372 -0.488373 -0.330233 -0.444821 0.302092 0.583770 -0.152575 0.897054 0.484248 -0.625903 0.435352 -0.419131 0.304077 0.709724 -0.334486 0.613703 -0.186965 0.219869 -0.196396 -0.461671 -0.517419 0.047425 -0.176594 0.040806 0.208290 -0.556860 
0.237706 -0.049798 0.303544 -0.509830 0.655198 -0.459250 0.481670 0.021317 -0.050548 0.123230 0.400362 0.441997 -0.758757 -0.731999 0.339925 -0.418859 0.691082 -0.498719 0.078102 -0.446495 0.532576 -0.108462 0.436387 -0.575065 -0.476226 0.323227 
0.243849 0.386791 -0.344175 0.360251 0.143003 0.132525 -0.419210 -0.437524 -0.520299 0.519526 -0.288301 0.503203 -0.257194 -0.465213 -0.537459 -0.432309 -0.675490 -0.498807 0.062573 0.765799 -0.101197 0.349002 0.151193 0.618346 0.370967 0.284255 
-0.482107 0.410686 0.309925 0.323500 0.483502 0.635039 0.201609 -0.497655 -0.022640 -0.111664 -0.212161 0.187230 -0.624889 0.029159 0.074347 -0.883986 -0.444997 -0.437774 0.470575 -0.064280 0.532708 0.764085 -0.153211 -0.433456 0.225053 -0.209026 
-0.690389 -0.524256 0.264797 -0.315233 -0.337984 -0.159592 -0.704677 -0.197097 -0.242401 -0.380956 0.302601 0.200271 -0.053632 0.066200 -0.602937 -0.344211 0.306817 -0.256619 -0.552130 0.749155 0.639831 0.658522 0.745795 0.427998 0.192315 0.666715 
-0.024577 -0.262734 0.348965 -0.336696 0.437798 -0.250081 0.418979 -0.216012 0.421862 0.035462 -0.125598 -0.291793 -0.050813 -0.287822 0.730838 -0.136294 0.333312 -0.383695 0.497493 0.724310 -0.571952 -0.292944 -0.261748 -0.236844 -0.515719 0.298283 
0.324965 -0.196518 0.380546 0.281739 0.040524 -0.457278 0.348151 -0.615298 0.560295 -0.557385 -0.345848 0.360190 0.477180 -0.159137 0.674839 0.015049 0.343315 0.355111 0.467976 -0.444921 -0.558252 -0.152334 -0.480849 -0.178159 -0.325787 -0.056728 
-0.482310 -0.356004 0.405961 0.198874 -0.424677 -0.561103 0.277248 -0.026755 0.042577 0.107745 -0.494528 -0.367025 0.548589 0.122736 0.370688 -0.459966 0.529456 -0.287505 -0.377675 -0.054093 0.356766 0.705750 0.264520 -0.477583 0.284182 -0.002813 
-0.074077 -0.453880 -0.147775 0.628639 -0.519907 -0.047522 -0.163539 -0.345791 0.821946 0.411653 -0.249089 -0.402740 -0.050719 -0.149233 0.847060 0.864669 0.186975 -0.700911 -0.140573 0.617104 -0.808636 -0.296058 -0.064349 -0.168961 0.218265 0.420373 
0.038579 0.558176 -0.072044 0.331359 -0.184641 -0.708416 0.112435 0.349368 -0.296222 -0.229203 -0.859126 0.319903 -0.330113 0.401866 0.304524 0.393987 0.397070 0.111958 0.116969 -0.230461 0.121643 -0.178015 0.041476 -0.278539 -0.085359 -0.037347 
-0.375488 0.642915 0.597241 0.427851 0.439865 0.311651 0.607694 0.031878 0.005247 -0.600602 -0.176019 0.354749 -0.166471 -0.611961 0.914335 0.609052 -0.776330 -0.776366 -0.529247 0.388388 0.401694 -0.252797 -0.187748 -0.444943 -0.145678 -0.476437 
0.712169 -0.263463 0.324756 -0.219452 0.438653 0.587280 0.614035 -0.202531 0.867083 -0.065165 0.406343 0.512306 -0.010079 -0.259745 -0.451150 -0.415875 -0.126695 -0.127558 -0.343149 -0.504874 -0.377127 0.227076 -0.146199 -0.413953 -0.355951 -0.459140 
0.386603 -0.451042 -0.779392 0.183683 -0.747405 0.848605 0.010912 -0.110041 -0.522673 0.778119 -0.035996 -0.589656 -0.392828 0.596647 -0.425454 -0.439760 -0.070328 -0.107978 0.293120 0.512888 -0.031092 0.707857 0.570260 0.378087 -0.430377 -0.368328 
0.959168 0.773296 -0.183149 -0.490280 -0.210256 0.135608 0.621997 -0.045259 0.111103 0.660277 -0.324877 -0.122998 0.142666 -0.295589 -0.288649 -0.336646 -0.584354 -0.225322 0.480421 -0.200506 -0.562752 -0.468590 -0.441743 0.618852 -0.300350 0.467937 
0.258713 -0.235917 -0.257953 0.284976 -0.358741 -0.425075 -0.213144 -0.398485 0.236707 -0.270322 0.311982 -0.081059 0.340603 0.772380 -0.706797 -0.196097 0.180125 0.697112 -0.317655 0.556969 -0.154615 -0.305844 -0.063944 0.508770 -0.373182 0.206048 
-0.181897 0.148854 -0.518841 -0.467496 0.541473 0.471816 -0.129533 0.044841 0.542834 -0.162449 -0.154374 -0.682488 0.924704 -0.384788 -0.428552 0.162795 -0.416086 0.057513 0.533089 0.354795 -0.291344 0.067055 -0.467134 0.150221 0.416091 0.050981 
-0.515872 -0.299489 0.001802 -0.226330 -0.018105 0.145227 0.274530 0.256648 0.272008 -0.572015 0.485920 -0.308844 -0.343044 0.660209 -0.503002 -0.279717 0.656118 0.155253 -0.219249 0.359340 0.503030 -0.097332 0.725790 -0.537513 -0.454492 -0.119079 
-0.352500 0.072982 0.159835 0.329164 0.309858 0.194161 0.085460 0.394027 -0.579842 0.085580 -0.234960 -0.023626 -0.773532 0.614112 0.337704 0.180496 -0.373466 0.152527 0.142397 -0.004010 0.433616 -0.546661 -0.645489 -0.269837 -0.051210 0.363665 
-0.547190 0.007650 -0.337402 -0.060146 -0.317105 0.016319 -0.241088 -0.592435 0.645296 -0.239897 -0.147753 -0.359453 1.123646 0.529334 -0.367894 0.295188 -0.299700 0.486159 0.197805 0.290387 -0.216604 -0.042721 -0.349329 0.329145 0.543406 -0.434782 
-0.009191 -0.324654 -0.410786 -0.072407 -0.518085 0.775964 -0.054106 -0.407864 0.342972 0.406493 -0.250452 -0.176057 -0.630542 -0.360031 -0.102478 0.561852 -0.025765 -0.081110 -0.465230 0.108710 -0.093962 0.438133 0.316947 0.339792 0.553615 0.236465 
-0.014625 -0.131323 -0.593842 0.587201 -0.335264 -0.367040 -0.151607 0.253771 0.042375 0.353658 0.401050 0.365791 0.053773 0.676211 0.639651 -0.379197 0.150533 -0.497081 -0.379310 -0.132140 0.560486 -0.178416 0.087144 -0.360490 -0.229579 -0.242698 
-0.041380 0.149941 0.303970 -0.459181 0.540580 0.505748 0.555392 -0.031131 -0.024232 0.044695 -0.336422 -0.677593 -0.557637 -0.194244 0.618125 0.514835 -0.140235 0.093249 0.250484 0.312319 -0.251769 -0.650913 0.229393 -0.330132 -0.087653 -0.151624 
-0.050925 -0.535173 -0.063283 -0.846847 -0.349021 -0.194577 0.686728 -0.160089 -0.003133 0.375572 -0.263323 0.106057 -0.130695 0.174659 -0.520213 -0.309954 0.528306 -0.746961 0.762399 -0.110016 0.611505 0.165868 0.397620 0.311547 0.263123 -0.399568 
-0.657055 0.574351 0.848982 0.600333 0.485306 0.035030 -0.397592 0.396070 -0.018276 -0.526660 0.544419 0.252355 -0.439854 -0.762995 -0.397172 -0.018398 -0.469154 0.526144 -0.623141 -0.312723 0.442217 -0.034828 0.351461 -0.501704 -0.086974 0.222663 
0.811870 -0.184098 -0.368024 -0.419545 -0.253426 -0.263099 0.121694 0.518524 0.350698 -0.097731 0.131212 -0.476093 0.528917 0.504513 -0.591125 -0.535473 0.857016 0.538557 -0.115622 -0.089442 -0.211977 -0.548770 -0.308640 0.357928 -0.234853 -0.167714 
0.655265 -0.618114 0.146475 -0.498531 -0.060694 0.191433 -0.433823 0.192001 -0.105057 -0.330244 0.397152 0.579141 0.168730 -0.141160 -0.525712 0.296826 -0.235030 0.225376 -0.358000 -0.141592 -0.250171 0.939583 -0.092079 0.482658 -0.722908 0.413465 
0.286833 -0.571128 -0.618646 -0.020577 -0.549085 -0.520395 0.242426 0.176199 -0.165951 0.059851 0.611083 0.456622 0.560774 0.421128 0.101509 -0.332186 0.491605 -0.374863 -0.158591 0.014812 0.297484 -0.405664 0.431609 0.190405 -0.346968 -0.252033 
0.749305 0.588492 -0.263924 -0.201124 -0.034100 0.188347 0.543344 0.553934 0.472702 -0.516655 -0.121238 -0.166595 0.242706 -0.621975 -0.202590 -0.074417 -0.060158 0.065673 -0.189578 -0.416758 -0.130517 0.468078 0.140355 -0.496952 -0.296282 -0.364698 
-0.396189 -0.499576 0.358368 -0.757960 -0.101216 0.364084 0.228091 0.286423 -1.130571 -0.859961 0.366327 0.164107 0.318715 0.086602 -0.240149 -0.275272 0.340143 0.115509 -0.446785 0.571137 0.622884 0.333525 0.556081 0.176243 0.355540 -0.488712 
0.352993 -0.378628 -0.323738 -0.151253 -0.390967 -0.386262 -0.367609 -0.161096 -0.021683 1.173781 0.138641 0.061047 0.800038 -0.199250 -0.368102 -0.146619 -0.490186 -0.409146 -0.159312 0.275189 -0.301367 0.134675 -0.393944 0.374879 0.325100 0.787959 
-0.683560 0.249192 0.414779 -0.275706 0.676992 -0.427041 -0.099764 -0.466133 0.003200 -0.239423 -0.086510 0.288967 -0.557571 -0.340012 -0.458843 -0.452059 -0.197450 -0.395746 0.579683 0.686018 0.157662 0.364506 -0.392586 0.441843 0.598724 0.562391 
0.483779 -0.732909 -0.206590 -0.431652 0.240242 0.720836 -0.129435 0.692180 0.333633 -0.274502 0.759868 -0.118816 0.361176 -0.182740 -0.376011 0.647431 -0.243769 -0.186640 -0.217046 -0.271000 -0.409402 0.547257 -0.195030 -0.278573 0.140752 -0.359272 
0.270448 0.493784 0.121381 0.494765 -0.276020 -0.529844 0.146788 -0.315062 -0.764477 0.454650 -0.372591 0.252483 -0.712576 0.271709 0.333069 0.248473 0.178144 0.379720 -0.068430 -0.171958 0.282429 -0.287691 0.187776 -0.120087 -0.200087 -0.097410 
-0.312050 -0.414639 0.461951 -0.369641 0.591809 0.251090 0.165701 -0.146390 0.310952 -0.291129 0.618147 0.640524 0.040364 -0.597697 -0.546575 -0.342945 -0.031956 0.044991 -0.019056 -0.402520 -0.175246 -0.068251 -0.373650 0.249436 0.308905 0.455255 
-0.183410 0.238671 -0.212242 -0.244522 0.059363 -0.731685 -0.585216 0.188886 0.195435 -0.369345 -0.400541 -0.389504 0.446662 0.344035 -0.422332 0.387486 -0.137823 0.546013 0.152441 -0.404192 -0.262610 0.309469 -0.173406 0.557691 0.719763 0.579874 
0.531380 -0.822845 0.881395 -0.460883 0.512752 0.265720 -0.171226 0.121912 -0.253229 -0.326331 0.614461 0.494739 -0.171616 -0.308211 -0.277583 0.180213 -0.111542 0.619106 -0.424723 -0.409730 -0.339249 -0.673927 0.333920 0.431025 -0.542010 0.470700 
-0.120666 0.452410 -0.474946 -0.544100 -0.406181 -0.423871 -0.554781 0.775688 0.545031 0.096045 -0.260639 -0.412660 -0.033954 0.593697 -0.374069 -0.494434 -0.318416 -0.708801 0.642590 0.043040 0.563188 -0.154291 0.693068 0.435757 0.738303 -0.433907 
0.255716 -0.328183 -0.421267 0.489465 -0.520124 -0.497321 -0.480663 0.465572 0.139822 0.343557 0.215404 -0.354810 0.646427 0.556755 0.154783 -0.283481 0.073602 0.207593 -0.477117 -0.225109 0.697461 0.427309 -0.102218 0.364905 -0.697053 -0.297066 
-0.384755 -0.338887 0.140817 0.245948 0.329118 0.462544 0.475181 0.078189 0.072799 -0.559911 0.457286 0.192014 -0.728235 0.430386 0.382958 -0.426771 0.143022 -0.443785 0.418087 -0.110648 0.354216 0.131978 -0.194526 -0.469334 -0.456102 -0.512058 
-0.516729 0.444216 -0.701734 1.146183 0.115627 0.136038 -0.569849 0.440219 0.050303 -0.127454 -0.429494 0.641293 0.201412 -0.630875 -0.456760 0.514217 -0.372325 -0.088288 -0.321379 -0.187249 0.513596 0.814262 -0.336219 -0.426859 0.146137 -0.208861 
-0.237569 -0.334398 0.135727 0.466047 -0.212548 -0.266572 -0.104497 -0.045517 0.077782 -0.277716 0.354529 0.188129 -0.272401 0.803925 0.425951 -0.293732 0.540273 -0.170568 -0.426514 -0.258783 0.329686 0.108045 0.135346 -0.374789 -0.315338 -0.115517 
0.558709 -0.117579 -0.208673 -0.110293 -0.315683 -0.325291 0.300892 -0.296520 0.961837 0.752740 0.293910 0.088046 -0.009316 0.460115 -0.094575 -0.008817 0.121534 -0.507389 -0.059827 0.183267 -0.274117 -0.425340 0.205620 0.084720 -0.502448 -0.668643 
-0.117095 0.152371 -0.901664 -0.195655 -0.368136 -0.160608 0.522794 0.584285 0.435047 -0.461158 -0.754835 -0.430190 0.586541 0.050883 0.183375 0.091245 0.365482 -0.467044 0.350434 -0.596079 0.398247 0.842311 0.168779 -0.508268 0.602477 -0.412148 
0.031520 0.083608 0.289489 -0.099462 -0.210480 -0.291346 0.201987 -0.232035 0.823928 0.851974 -0.245861 0.185412 0.037664 -0.394500 0.549333 -0.259012 0.664653 -0.117525 -0.393405 -0.871411 -0.017335 -0.027493 0.415488 -0.280132 -0.449738 -0.153845 
-0.252036 0.562746 -0.316590 -0.024631 0.882329 -0.083765 -0.418726 0.032724 0.953361 -0.390412 0.550870 0.624297 0.046357 -0.196569 -0.437210 -0.320655 -0.372661 0.042137 0.209411 -0.343762 -0.309566 -0.548150 -0.177364 -0.396096 0.744163 0.113778 
-0.463432 -0.199429 0.358357 -0.544619 -0.105871 0.004804 0.520424 0.006560 -0.188525 -0.049359 -0.229349 0.630889 0.668721 0.329871 -0.193893 -0.450345 -0.314688 -0.563227 -0.486488 -0.465429 0.637181 0.152445 -0.181650 0.449654 0.485883 0.192333 
0.586308 0.385256 0.182599 0.040427 0.405186 -0.833683 0.339305 0.556102 -0.377640 0.135774 -0.307015 0.427400 0.206008 -0.832372 -0.016399 -0.560105 0.360530 -0.058279 0.198880 -0.385211 0.463585 0.090971 -0.073690 -0.517225 -0.536150 0.267570 
-0.156497 -0.226191 -0.389527 -0.251574 0.848673 0.862365 -0.332270 0.014815 0.249474 0.475385 0.188090 -0.444338 -0.138559 -0.193286 -0.169028 -0.493344 -0.267130 -0.260222 0.295890 0.329031 -0.175184 0.052821 -0.125495 -0.250056 0.322344 -0.011216 
0.506085 0.271038 0.433655 0.316869 -0.749451 -0.830625 0.395236 -0.044688 -0.134513 -0.054011 -0.591214 0.558564 -0.450234 -0.202287 0.214985 0.487117 0.461307 0.073860 -0.801003 -0.231689 0.405832 -0.073467 0.101839 -0.230356 -0.079071 0.103242 
-0.502387 0.169461 0.474568 -0.064367 0.238247 0.470753 -0.149927 -0.376811 -0.011753 -0.250547 -0.373632 -0.289082 -0.812477 -0.443136 0.184443 0.419450 0.522553 0.750937 -0.281139 0.338519 -0.359143 0.364784 -0.051243 -0.245054 -0.255971 0.409500 
-0.381984 0.072659 0.377266 0.010614 0.147312 -0.426664 0.124503 -0.396355 0.349923 0.618851 -0.305862 -0.362850 -0.314856 -0.434493 0.601858 -0.429763 0.508064 0.047460 0.572067 0.519785 -0.253931 -0.156274 -0.111736 -0.049625 -0.288453 0.034919 
0.169923 0.026079 -0.137323 0.160754 -0.418382 0.976978 0.841192 -0.244431 -0.010257 -0.136944 -0.124508 -0.434891 -0.133319 0.434680 0.058123 -0.006359 -0.453118 -0.442813 0.125661 0.554371 -0.232407 -0.175980 0.596960 -0.417231 0.032931 -0.561421 
0.515521 -0.168807 -0.254933 -0.175557 -0.284460 -0.154608 -0.226769 -0.162424 0.738108 0.762115 -0.032220 0.324595 -0.436461 -0.346579 -0.198156 -0.114942 -0.219844 -0.476796 -0.090494 -0.115651 -0.189027 0.219998 -0.331838 0.609914 0.364245 0.336402 
-0.134267 0.003989 -0.411421 -0.362524 -0.121384 0.061989 -0.321494 -0.537045 0.925728 0.064246 -0.128291 0.281620 -0.562387 0.413430 -0.278801 -0.348875 0.054333 -0.373250 0.103441 0.166323 -0.157751 0.236670 0.881094 0.372386 0.545144 -0.386834 
-0.321108 -0.438475 0.230203 0.181497 -0.668177 -0.400848 -0.795875 -0.240707 -0.072722 0.010791 -0.220760 0.800695 0.491935 -0.074547 0.485590 -0.536740 0.368122 -0.256577 -0.381707 -0.542110 0.453665 0.402292 0.077771 0.566118 0.303970 0.718473 
-0.570254 0.214464 0.100585 0.505792 0.037196 -0.039360 -0.720057 0.542024 -0.409591 -0.615633 0.364760 0.078043 -0.196975 -0.393659 -0.198637 0.240888 0.421999 0.620486 -0.688061 0.565815 -0.064614 0.629065 0.048763 -0.451253 -0.317559 0.447939 
-0.496095 0.337698 -0.062221 -0.103994 -0.251424 0.010193 -0.429671 -0.676812 0.060972 0.674732 -0.097493 -0.361800 0.127404 0.740848 -0.337994 -0.426716 -0.392920 -0.374224 0.450725 0.358410 0.028311 0.323697 0.045937 0.502615 0.539687 -0.491505 
-0.581419 -0.720582 0.171424 -0.645826 -0.393400 -0.234755 0.434889 -0.479488 -0.309747 0.355651 -0.205190 -0.341512 0.241529 0.760260 0.737618 -0.345259 0.239378 -0.596446 0.888271 0.573462 0.482961 0.256650 0.100872 -0.094893 0.310450 -0.517801 
0.373591 0.288965 -0.293778 -0.303390 0.261605 -0.556448 0.153540 -0.208887 0.513662 0.234684 0.397773 0.305550 -0.246567 -0.242641 -0.771291 -0.597329 0.246249 0.620365 0.633943 -0.643863 -0.470088 -0.533579 0.371711 0.703470 -0.536190 0.532167 
0.210272 0.470626 -0.527717 0.654512 -0.361998 0.184298 -0.209686 0.607441 -0.214313 0.332808 0.480890 -0.587222 -0.443057 -0.016097 0.009465 0.540966 -0.048290 0.327910 0.254209 -0.459959 -0.515148 -0.448194 0.436844 -0.419730 0.115943 -0.363640 
0.437029 0.635619 -0.073794 0.011416 -0.460311 0.536492 -0.254169 -0.091415 -0.699939 0.443362 -0.070888 -0.105852 0.737169 -0.429785 -0.273426 0.497043 -0.933559 -0.542667 0.160388 0.471046 -0.429880 0.418441 -0.303159 -0.298091 0.540521 0.256425 
-0.080244 0.149636 -0.121376 -0.712284 0.193691 0.282610 0.710476 0.476879 -1.007816 -0.447748 0.287912 -0.218094 -0.375938 0.063639 -0.442937 0.205864 0.198512 0.312835 0.377523 -0.575174 0.490209 0.626269 0.359801 0.358504 -0.559597 -0.341536 
-0.036285 -0.295394 0.074419 -0.267375 0.466914 0.452298 0.403792 -0.005217 0.446959 -0.377391 0.424804 0.359511 -0.211655 -0.316099 -0.461829 0.119713 0.090145 0.542056 0.495910 -0.414297 -0.313347 -0.160758 -0.102412 -0.397373 -0.237667 -0.428078 
0.633866 -0.437637 0.208769 -0.258088 -0.252322 -0.007371 -0.008245 -0.428502 0.135380 -0.223810 0.311685 -0.194377 -0.452583 0.257823 -0.572972 -0.393782 0.626629 0.855645 -0.243222 -0.056245 -0.353331 -0.394146 0.373122 0.825068 -0.406059 0.463895 
-0.169429 1.024838 -0.503177 0.858697 -0.085478 -0.087060 0.347620 -0.523741 0.391457 0.088130 -0.329994 -0.035521 0.049034 -0.593436 0.576884 -0.377897 -0.276762 -0.359054 0.731730 -0.081125 -0.000942 0.412794 -0.547795 -0.220111 0.015697 -0.260243 
-0.560401 0.410575 -0.422267 0.805884 0.477465 0.500081 -0.287166 -0.139509 -0.102467 0.688361 -0.612948 -0.721593 -0.540236 -0.024643 -0.108600 0.383718 -0.555367 0.712342 -0.508150 0.706175 -0.256191 0.210102 -0.145635 -0.261537 -0.217272 0.621265 
0.334454 0.149781 -0.709079 -0.135682 -0.491872 0.013169 0.404147 0.150235 0.294948 0.477531 -0.414736 -0.382844 0.800474 0.296764 0.352035 -0.454371 -0.177047 -0.340566 0.494260 -0.124897 -0.468186 -0.761508 -0.642484 0.579207 0.623237 0.188608 
-0.245979 -0.141656 -0.256407 0.000268 -0.310678 -0.399522 -0.239544 -0.278600 0.726832 0.142010 0.625805 -0.139321 -0.073955 0.002385 -0.213048 -0.182635 -0.212869 0.384758 -0.135412 0.610347 -0.137841 -0.462769 -0.070836 0.546398 0.054059 0.269274 
0.309400 0.446419 -0.049721 0.367945 0.135175 0.184193 -0.532614 -0.400963 0.285630 -0.000422 0.467842 0.203375 -0.168383 -0.414501 -0.263013 0.500192 -0.418355 0.420009 0.151881 -0.468079 -0.514850 -0.400805 -0.433798 0.313113 -0.099770 0.229057 
0.776815 0.469540 0.056627 0.233209 -0.580214 -0.541499 0.445341 -0.186404 0.451244 -0.126110 -0.363600 -0.499036 0.106078 -0.066559 0.451701 0.407596 0.387533 0.612453 -0.516558 -0.534178 -0.168362 -0.428638 -0.119891 -0.205555 -0.020574 -0.235841 
-0.261574 -0.255745 0.589231 -0.167131 0.008809 -0.359020 0.057195 0.221133 0.197926 -0.458894 0.413365 -0.121856 0.591436 -0.034735 0.310362 -0.303341 0.155459 0.399926 -0.514059 -0.394605 0.462109 0.099209 0.013769 -0.516352 -0.127682 -0.136660 
0.063817 0.028578 0.660439 0.034867 -0.341550 -0.415019 0.011468 -0.771986 -0.354238 -0.306226 0.150067 0.085062 0.248054 -0.113834 -0.239012 -0.037069 0.269770 0.474873 -0.356636 0.525061 0.605208 0.505760 0.226078 -0.517061 -0.070992 -0.270729 
-0.042406 0.284213 -0.005780 0.114572 0.213001 0.351865 0.428240 0.797446 -0.694845 0.152887 -0.385602 0.133381 -0.635122 -0.010078 0.426341 0.100406 -0.010184 -0.561795 0.414611 -0.273601 0.309017 -0.035574 0.084705 -0.621134 -0.266893 -0.294653 
0.229118 0.256756 0.295235 0.223258 0.333398 0.163906 -0.100041 0.385263 -0.195322 0.151340 -0.574037 0.312089 -0.949701 -0.571642 0.154772 0.336465 -0.310046 0.375407 -0.778485 -0.247130 0.318248 -0.170515 0.265154 -0.299884 -0.198747 0.476945 
0.474001 -0.409370 -0.433254 0.122900 -0.236389 -0.210577 -0.544049 0.722867 0.559691 0.611612 -0.302138 -0.291558 0.019018 0.226496 0.632727 -0.053296 0.660784 -0.383307 -0.381913 -0.327376 0.227871 -0.506508 0.552889 -0.354779 -0.110611 -0.226510 
-0.008025 0.274469 -0.232449 0.450943 0.153881 0.175166 -0.247481 -0.073277 0.364922 0.094675 0.304544 -0.103781 0.049116 -0.265644 -0.551562 -0.180521 -0.011979 0.454277 -0.317812 -0.313997 -0.353657 0.007761 0.388624 0.234008 -0.471365 0.241906 
0.648738 -0.278267 -0.274403 -0.274565 0.115173 -0.489130 0.404107 0.527988 -0.246701 -0.136825 0.571629 0.331613 0.797025 0.511044 -0.379703 -0.454908 -0.185535 -0.613373 0.650526 -0.166469 0.397287 -0.759611 0.100644 0.210717 -0.465880 -0.415601 
-0.565592 -0.088322 0.884122 -0.310800 0.438273 0.392605 -0.624411 -0.555173 -0.002459 -0.304629 -0.173575 0.474614 0.485373 -0.631434 -0.448151 0.782876 -0.482751 -0.469443 -0.343229 0.330086 0.559398 0.652434 -0.112513 -0.657681 0.448498 0.013424 
0.274241 0.014176 0.065998 0.317790 0.251830 0.246033 0.053609 0.302341 -0.929169 0.031770 -0.669518 0.207206 -0.138003 0.237560 0.306206 0.192851 -0.666881 0.227061 0.352201 -0.187607 0.290396 -0.566987 -0.132948 -0.114508 -0.447869 0.392564 
0.453722 -0.559608 -0.050497 0.716930 -0.807183 -0.541110 0.435335 -0.036757 0.840498 0.194436 -0.456803 0.865188 0.268149 -0.679295 0.508957 0.233251 0.727517 -0.243650 -0.367117 -0.256439 -0.118557 0.143491 0.060024 -0.549626 -0.305906 -0.413979 
-0.301535 0.105897 -0.295053 -0.088816 0.009397 -0.307457 -0.194580 -0.172678 1.323321 -0.060256 -0.234012 -0.182022 -0.351732 -0.212570 -0.149861 -0.403828 -0.176551 -0.021229 -0.138767 0.524331 -0.097371 0.331697 -0.030764 -0.319785 0.684644 0.470228 
0.337593 -0.503529 0.239788 0.150969 -0.443637 0.565754 0.177068 -0.294992 0.531586 0.342336 -0.376931 -0.554903 -0.015956 -0.357461 0.462566 0.513887 0.450267 0.689085 -0.491353 0.197463 -0.549078 0.206296 -0.328085 -0.261091 -0.563763 -0.218562 
0.026026 0.513845 -0.212467 0.245958 -0.118284 0.450542 -0.044375 -0.140046 1.008814 0.021313 -0.118828 -0.328541 -0.112466 -0.107320 -0.281440 0.429622 -0.156642 -0.014999 0.092253 -0.201435 -0.433691 -0.022405 -0.109938 -0.036230 -0.071041 -0.219169 
-0.150193 0.201573 0.231528 0.088916 0.361985 0.258521 -0.273947 -0.203485 -0.515415 0.330186 0.180304 0.116376 0.277515 0.393011 -0.271749 -0.021880 -0.826794 0.012239 0.101432 -0.520382 0.251474 -0.876583 -0.134919 0.404081 0.468372 0.390032 
0.238760 -0.625668 -0.530080 0.565815 -0.832438 0.754220 -0.128621 -0.042989 -0.641390 0.020872 0.286989 -0.337919 0.465170 0.398070 -0.531608 0.486915 -0.070022 0.447223 -0.309614 0.097804 -0.640392 0.467986 -0.141089 0.417580 0.238206 0.067851 
0.410135 0.077994 -0.023708 -0.215497 0.445265 -0.016798 -0.081971 -0.370864 0.158770 -0.141049 0.314477 0.654788 -0.237347 -0.373446 -0.446738 -0.384971 -0.050332 0.440196 0.123377 -0.636902 -0.140565 -0.108367 -0.207741 0.780595 -0.274564 0.340700 
-0.683568 0.775983 0.677599 0.066349 0.245528 0.177177 -0.896991 -0.561069 -0.292567 -0.277785 -0.035666 0.517308 -0.717823 -0.333935 -0.206077 0.043200 -0.532297 0.003272 0.456208 0.314077 -0.205298 0.517273 0.090159 0.049322 0.436672 0.306411 
-0.369862 -0.196575 0.277024 0.025768 0.433170 0.244978 0.383057 0.003831 0.419224 -0.226568 -0.103424 0.244112 0.143184 -0.240292 0.105446 0.039397 -0.419165 -0.421779 -0.232009 0.117802 0.267782 0.454782 -0.343435 -0.316491 0.178683 -0.423087 
0.186314 -0.282386 0.402180 -0.198609 0.846917 -0.697431 0.261764 -0.310085 0.241815 -0.116166 0.305670 0.645402 0.384356 -0.280219 -0.175169 -0.374907 0.952196 -0.148502 -0.507619 0.627081 -0.416569 -0.441378 -0.506946 -0.459491 -0.663393 0.772583 
0.830800 -0.134388 -0.191710 -0.191849 -0.105301 -0.246451 -0.189164 -0.261230 0.967925 0.364691 0.177420 -0.156856 -0.080368 -0.241556 -0.175039 -0.191099 -0.249834 -0.273210 -0.098261 0.678707 -0.178945 -0.293701 -0.505340 0.663452 -0.232760 0.046445 
-0.418944 -0.154504 0.278764 -0.217729 -0.480933 -0.477896 -0.320576 -0.442890 0.782756 -0.306602 0.573249 -0.321118 0.544234 -0.335612 -0.301710 -0.533184 0.713458 0.059007 -0.185254 0.239337 -0.406484 0.526529 0.654215 0.022330 0.397599 -0.145794 
0.700442 -0.263951 0.468431 -0.500348 0.918816 -0.699071 0.294531 -0.249449 0.904688 -0.647365 0.445333 0.536933 0.206061 -0.114309 -0.570572 -0.528265 0.862005 0.393272 0.356833 -0.637418 -0.351618 -0.349751 -0.413148 -0.053632 -0.400848 0.014934 
-0.342723 -0.265969 -0.797504 0.037934 0.074106 -0.412399 0.146497 -0.140250 0.193891 0.737729 -0.076082 -0.028494 -0.801935 0.220864 -0.338271 -0.475279 0.725170 -0.585219 0.391410 0.312779 0.696067 0.249932 0.501989 -0.069796 0.268390 -0.298727 
0.425620 0.067507 0.229934 -0.241060 -0.460723 -0.297871 0.374090 -0.401733 0.306334 -0.186379 0.161021 0.661483 -0.093446 0.011767 0.041407 -0.313477 0.272166 -0.085829 0.457534 -0.578575 -0.212201 -0.184285 0.035710 0.491437 -0.386184 -0.049201 
-0.436168 -0.323875 0.372026 0.602470 0.036849 -0.643535 -0.675205 -0.642641 0.178926 0.760769 0.455188 0.704904 0.130788 -0.664863 -0.502532 -0.408310 -0.252688 -0.322209 -0.027657 0.027562 0.617213 0.600251 0.057465 -0.492604 0.381231 0.314475 
0.071080 -0.224655 -0.293048 -0.184680 -0.233962 -0.256597 -0.174137 0.660166 1.187744 -0.116082 0.104948 0.116431 0.424402 0.116681 -0.281706 -0.059457 0.223568 -0.271167 -0.188042 -0.467545 -0.454804 0.544907 0.492184 -0.273073 -0.125340 -0.347317 
-0.251331 0.293092 0.481468 0.727695 -0.338780 -0.243032 0.323474 -0.415644 0.478100 0.499708 -0.311387 -0.549591 -0.504653 -0.085854 0.509241 -0.430980 0.252687 -0.478922 0.483316 -0.005155 0.421640 -0.293029 -0.267409 -0.140500 -0.145316 -0.044921 
0.385510 -0.504581 -0.683300 0.447013 -0.422679 0.131151 -0.269414 0.456785 -0.494361 -0.513726 0.242135 0.353085 0.275580 0.419510 -0.808505 0.346733 0.063288 0.513110 -0.490562 -0.518303 0.190280 0.743927 0.340167 0.274459 -0.396694 -0.197331 
-0.303334 -0.292603 0.073736 0.234220 -0.468961 -0.406595 -0.812572 -0.563011 0.656843 -0.443530 -0.133149 -0.241693 0.737019 0.503242 0.615714 0.373489 0.101181 -0.235767 -0.297752 0.397890 -0.386014 0.230027 -0.083476 0.322617 0.830952 -0.187488 
-0.052984 0.324742 0.356600 -0.033270 -0.482237 -0.577773 0.044743 -0.610078 0.267735 -0.534881 0.061653 -0.458089 0.177398 -0.033434 0.501652 0.280800 0.006811 0.345861 0.241803 -0.437307 -0.132681 0.497475 -0.022205 0.118477 0.488246 -0.349060 
-0.525433 -0.379323 0.358917 -0.203284 -0.678310 -0.818242 -0.526196 -0.009657 -0.233852 -0.544335 0.279225 -0.060010 0.631401 0.610453 -0.028067 0.615447 0.216610 0.407784 -0.173754 -0.293561 0.416176 0.438887 0.248615 0.736564 0.064632 -0.365871 
0.159535 -0.134884 -0.223589 -0.361179 -0.298900 -0.083406 -0.129769 -0.550757 0.511692 1.085904 -0.491127 0.189625 -0.364152 0.002086 -0.198156 -0.123551 0.211080 -0.398323 0.218206 0.475363 -0.400408 -0.328126 0.457715 0.599856 -0.100199 0.125740 
-0.036220 0.566471 -0.701239 0.948784 0.478593 0.257792 -0.455846 0.614138 0.218103 -0.499664 -0.529378 0.395873 0.663987 -0.263232 -0.591484 0.170264 -0.414619 0.335450 0.218775 -0.432078 -0.440448 -0.536938 -0.129721 -0.230143 0.138110 0.296784 
-0.060257 0.046946 0.461431 0.336647 -0.068769 0.132231 0.268303 0.284690 0.193740 0.391546 -0.345330 -0.057209 0.237355 0.136586 0.580132 0.154207 -0.435016 -0.468596 -0.650720 -0.203885 0.521538 -0.327875 -0.511913 -0.251031 -0.148868 -0.323689 
-0.359316 0.057144 0.344791 0.386678 -0.187711 -0.551989 -0.773341 -0.029640 1.036426 -0.608967 0.119928 -0.274373 -0.198309 0.005957 0.791921 1.022765 0.435284 0.098962 -0.244059 -0.191300 -0.045441 -0.306384 0.066348 -0.245922 -0.150190 -0.236874 
-0.324677 -0.420217 0.638381 -0.601387 0.455325 -0.378098 0.336809 -0.370934 0.254919 0.630072 -0.228011 -0.114467 -0.158200 -0.035447 0.403532 -0.338892 -0.112053 -0.278837 0.441744 0.954697 -0.725566 -0.429140 0.191528 0.049054 -0.466709 0.527976 
0.646337 0.697505 -0.600900 -0.475299 0.137103 0.825141 1.173607 0.651049 0.489084 -0.535004 -0.162047 -0.538010 0.236675 0.675934 -0.537136 -0.632208 -0.548536 -0.018747 0.334092 -0.234145 -0.152886 -0.403994 -0.462270 -0.009094 -0.404827 -0.264898 
0.478500 0.053142 -0.335911 -0.367126 -0.417972 -0.244258 -0.268901 -0.349389 0.588835 0.195797 0.036711 0.089508 -0.544439 -0.367061 -0.125062 0.013424 -0.012979 -0.542592 -0.001753 0.486992 -0.459448 -0.226001 0.860546 0.534330 0.440623 0.396408 
0.305903 0.339754 -0.177681 -0.090554 0.618289 -0.665237 -0.487818 0.237301 0.516904 -0.589791 0.665663 0.654575 0.164960 0.232206 -0.497484 -0.647219 -0.286985 0.530901 -0.112638 -0.459186 -0.275570 -0.791566 -0.299822 0.443442 0.046053 0.532659 
-0.208516 0.188599 -0.335142 -0.173534 0.033993 -0.166002 -0.062576 -0.328995 1.196088 -0.086970 -0.327261 -0.012024 0.013113 0.235756 -0.365727 -0.326885 -0.380228 -0.238687 0.971239 0.226562 -0.314743 -0.569224 0.216832 0.328777 0.692543 -0.137232 
-0.256718 0.738601 0.694545 -0.466937 0.720213 0.466829 0.755800 -0.196538 0.566989 -0.238509 0.335134 -0.571997 0.076688 -0.056438 -0.149150 -0.611535 -0.556995 -0.039386 0.455996 0.716326 -0.400373 -0.506090 -0.327084 -0.526321 -0.234139 -0.304690 
-0.382524 -0.018214 0.231946 -0.428125 0.239998 0.155122 -0.540378 -0.016607 0.261958 0.634773 -0.273688 -0.324265 0.628204 -0.293507 -0.057169 0.447704 -0.499435 -0.536603 -0.161294 0.502909 0.220700 0.475910 -0.589757 -0.306128 0.590908 0.239737 
-0.099628 -0.178833 0.014352 0.057187 0.455504 0.588575 0.531260 0.488170 -0.224470 0.056012 -0.576926 -0.744303 -0.545250 -0.227681 0.699483 0.424707 0.321047 -0.123032 -0.341396 0.101485 0.139807 -0.378136 0.003619 -0.259028 -0.067052 -0.023497 
-0.018540 0.386108 -0.450084 0.368029 -0.831799 -0.593139 0.354512 0.503098 -0.063406 -0.154994 -0.482248 -0.891781 0.567759 0.592281 0.303217 0.612017 0.366336 0.362448 0.415360 0.079080 0.402183 -0.847828 -0.154062 -0.508645 0.155086 -0.387905 
